135
[1, 7, 1]
[4, 5, 4]
[5, 4, 5]
[5, 6, 5]
[5, 8, 5]
[6, 5, 6]
[6, 9, 6]
[7, 1, 7]
[8, 5, 8]
[9, 6, 9]
[0, 6, 9, 0]
[4, 6, 5, 4]
[4, 6, 9, 4]
[5, 4, 6, 5]
[6, 5, 4, 6]
[6, 9, 0, 6]
[6, 9, 4, 6]
[9, 0, 6, 9]
[9, 4, 6, 9]
[9, 6, 5, 8]
[4, 5, 6, 9, 0]
[4, 5, 6, 9, 4]
[4, 5, 6, 9, 8]
[5, 6, 9, 4, 5]
[5, 6, 9, 8, 5]
[6, 9, 4, 5, 6]
[6, 9, 8, 5, 6]
[8, 5, 6, 9, 8]
[9, 0, 6, 5, 8]
[9, 4, 5, 6, 9]
[9, 4, 6, 5, 8]
[9, 8, 5, 6, 9]
[0, 6, 9, 4, 5, 8]
[2, 8, 5, 4, 3, 2]
[3, 2, 8, 5, 4, 3]
[4, 3, 2, 8, 5, 4]
[4, 6, 9, 8, 5, 4]
[5, 4, 3, 2, 8, 5]
[5, 4, 6, 9, 8, 5]
[6, 9, 8, 5, 4, 6]
[8, 5, 4, 3, 2, 8]
[8, 5, 4, 6, 9, 8]
[9, 8, 5, 4, 6, 9]
[1, 8, 5, 6, 9, 7, 1]
[2, 8, 5, 6, 9, 3, 2]
[3, 2, 8, 5, 6, 9, 3]
[4, 5, 6, 9, 3, 2, 8]
[4, 5, 6, 9, 7, 1, 8]
[5, 6, 9, 3, 2, 8, 5]
[5, 6, 9, 7, 1, 8, 5]
[6, 9, 3, 2, 8, 5, 6]
[6, 9, 7, 1, 8, 5, 6]
[7, 1, 8, 5, 6, 9, 0]
[7, 1, 8, 5, 6, 9, 7]
[8, 5, 6, 9, 3, 2, 8]
[8, 5, 6, 9, 7, 1, 8]
[9, 3, 2, 8, 5, 6, 9]
[9, 6, 5, 4, 3, 2, 8]
[9, 7, 1, 8, 5, 6, 9]
[0, 6, 9, 3, 2, 8, 5, 4]
[0, 6, 9, 4, 3, 2, 8, 5]
[0, 6, 9, 8, 5, 4, 3, 2]
[1, 2, 8, 5, 6, 9, 7, 1]
[1, 8, 5, 4, 6, 9, 7, 1]
[2, 8, 5, 4, 6, 9, 3, 2]
[2, 8, 5, 6, 9, 4, 3, 2]
[2, 8, 5, 6, 9, 7, 1, 2]
[3, 2, 8, 5, 4, 6, 9, 3]
[3, 2, 8, 5, 6, 9, 4, 3]
[4, 3, 2, 8, 5, 6, 9, 0]
[4, 3, 2, 8, 5, 6, 9, 4]
[4, 5, 6, 9, 7, 1, 2, 8]
[4, 6, 9, 3, 2, 8, 5, 4]
[4, 6, 9, 7, 1, 8, 5, 4]
[5, 4, 6, 9, 3, 2, 8, 5]
[5, 4, 6, 9, 7, 1, 8, 5]
[5, 6, 9, 4, 3, 2, 8, 5]
[5, 6, 9, 7, 1, 2, 8, 5]
[6, 9, 3, 2, 8, 5, 4, 6]
[6, 9, 4, 3, 2, 8, 5, 6]
[6, 9, 7, 1, 2, 8, 5, 6]
[6, 9, 7, 1, 8, 5, 4, 6]
[7, 1, 2, 8, 5, 6, 9, 0]
[7, 1, 2, 8, 5, 6, 9, 3]
[7, 1, 2, 8, 5, 6, 9, 7]
[7, 1, 8, 5, 4, 6, 9, 0]
[7, 1, 8, 5, 4, 6, 9, 7]
[7, 1, 8, 5, 6, 9, 3, 2]
[8, 5, 4, 6, 9, 3, 2, 8]
[8, 5, 4, 6, 9, 7, 1, 8]
[8, 5, 6, 9, 4, 3, 2, 8]
[8, 5, 6, 9, 7, 1, 2, 8]
[9, 0, 6, 5, 4, 3, 2, 8]
[9, 3, 2, 8, 5, 4, 6, 9]
[9, 4, 3, 2, 8, 5, 6, 9]
[9, 7, 1, 2, 8, 5, 6, 9]
[9, 7, 1, 8, 5, 4, 6, 9]
[1, 2, 8, 5, 4, 6, 9, 7, 1]
[1, 3, 2, 8, 5, 6, 9, 7, 1]
[2, 8, 5, 4, 6, 9, 7, 1, 2]
[2, 8, 5, 6, 9, 7, 1, 3, 2]
[3, 2, 8, 5, 6, 9, 7, 1, 3]
[4, 3, 2, 8, 5, 6, 9, 7, 1]
[4, 5, 6, 9, 7, 1, 3, 2, 8]
[4, 6, 9, 7, 1, 2, 8, 5, 4]
[5, 4, 6, 9, 7, 1, 2, 8, 5]
[5, 6, 9, 7, 1, 3, 2, 8, 5]
[6, 9, 7, 1, 2, 8, 5, 4, 6]
[6, 9, 7, 1, 3, 2, 8, 5, 6]
[7, 1, 2, 8, 5, 4, 6, 9, 0]
[7, 1, 2, 8, 5, 4, 6, 9, 3]
[7, 1, 2, 8, 5, 4, 6, 9, 7]
[7, 1, 2, 8, 5, 6, 9, 4, 3]
[7, 1, 3, 2, 8, 5, 6, 9, 0]
[7, 1, 3, 2, 8, 5, 6, 9, 4]
[7, 1, 3, 2, 8, 5, 6, 9, 7]
[7, 1, 8, 5, 4, 6, 9, 3, 2]
[7, 1, 8, 5, 6, 9, 4, 3, 2]
[8, 5, 4, 6, 9, 7, 1, 2, 8]
[8, 5, 6, 9, 7, 1, 3, 2, 8]
[9, 7, 1, 2, 8, 5, 4, 6, 9]
[9, 7, 1, 3, 2, 8, 5, 6, 9]
[0, 6, 9, 7, 1, 2, 8, 5, 4, 3]
[0, 6, 9, 7, 1, 3, 2, 8, 5, 4]
[0, 6, 9, 7, 1, 8, 5, 4, 3, 2]
[1, 3, 2, 8, 5, 4, 6, 9, 7, 1]
[2, 8, 5, 4, 6, 9, 7, 1, 3, 2]
[3, 2, 8, 5, 4, 6, 9, 7, 1, 3]
[4, 6, 9, 7, 1, 3, 2, 8, 5, 4]
[5, 4, 6, 9, 7, 1, 3, 2, 8, 5]
[6, 9, 7, 1, 3, 2, 8, 5, 4, 6]
[7, 1, 3, 2, 8, 5, 4, 6, 9, 0]
[7, 1, 3, 2, 8, 5, 4, 6, 9, 7]
[8, 5, 4, 6, 9, 7, 1, 3, 2, 8]
[9, 7, 1, 3, 2, 8, 5, 4, 6, 9]
