213
[0, 3, 0]
[1, 7, 1]
[2, 5, 2]
[2, 6, 2]
[3, 0, 3]
[5, 2, 5]
[6, 2, 6]
[7, 1, 7]
[0, 4, 3, 0]
[1, 7, 5, 1]
[2, 9, 5, 2]
[3, 0, 4, 3]
[3, 6, 4, 3]
[4, 3, 0, 4]
[4, 3, 6, 4]
[5, 1, 7, 5]
[5, 2, 9, 5]
[6, 4, 3, 6]
[7, 5, 1, 7]
[9, 5, 2, 9]
[0, 3, 6, 2, 0]
[0, 4, 5, 2, 0]
[1, 7, 4, 5, 1]
[1, 7, 9, 5, 1]
[2, 0, 3, 6, 2]
[2, 0, 4, 5, 2]
[2, 6, 4, 5, 2]
[2, 9, 4, 5, 2]
[3, 6, 2, 0, 3]
[4, 5, 1, 7, 4]
[4, 5, 2, 0, 4]
[4, 5, 2, 6, 4]
[4, 5, 2, 9, 4]
[5, 1, 7, 4, 5]
[5, 1, 7, 9, 5]
[5, 2, 0, 4, 5]
[5, 2, 6, 4, 5]
[5, 2, 9, 4, 5]
[6, 2, 0, 3, 6]
[6, 4, 5, 2, 6]
[7, 4, 5, 1, 7]
[7, 9, 5, 1, 7]
[9, 4, 5, 2, 9]
[9, 5, 1, 7, 9]
[0, 4, 3, 6, 2, 0]
[0, 8, 9, 4, 3, 0]
[0, 8, 9, 5, 2, 0]
[1, 7, 4, 5, 2, 6]
[1, 7, 4, 5, 2, 9]
[1, 7, 8, 9, 5, 1]
[1, 7, 9, 4, 5, 1]
[2, 0, 4, 3, 6, 2]
[2, 0, 8, 9, 5, 2]
[2, 9, 4, 3, 6, 2]
[3, 0, 4, 5, 2, 6]
[3, 0, 4, 5, 2, 9]
[3, 0, 8, 9, 4, 3]
[3, 6, 2, 0, 4, 3]
[3, 6, 2, 9, 4, 3]
[4, 3, 0, 8, 9, 4]
[4, 3, 6, 2, 0, 4]
[4, 3, 6, 2, 9, 4]
[4, 5, 1, 7, 9, 4]
[5, 1, 7, 8, 9, 5]
[5, 1, 7, 9, 4, 5]
[5, 2, 0, 8, 9, 5]
[6, 2, 0, 4, 3, 6]
[6, 2, 9, 4, 3, 6]
[7, 8, 9, 5, 1, 7]
[7, 9, 4, 5, 1, 7]
[8, 9, 4, 3, 0, 8]
[8, 9, 5, 1, 7, 8]
[8, 9, 5, 2, 0, 8]
[9, 4, 3, 0, 8, 9]
[9, 4, 3, 6, 2, 9]
[9, 4, 5, 1, 7, 9]
[9, 5, 1, 7, 8, 9]
[9, 5, 2, 0, 8, 9]
[0, 3, 6, 4, 5, 2, 0]
[0, 3, 6, 4, 5, 2, 9]
[0, 8, 9, 4, 5, 2, 0]
[1, 7, 8, 9, 4, 5, 1]
[1, 7, 9, 4, 5, 2, 6]
[1, 7, 9, 5, 2, 0, 8]
[2, 0, 3, 6, 4, 5, 2]
[2, 0, 8, 9, 4, 5, 2]
[2, 6, 4, 5, 1, 7, 9]
[3, 0, 4, 5, 1, 7, 9]
[3, 6, 4, 5, 2, 0, 3]
[4, 5, 1, 7, 8, 9, 4]
[4, 5, 2, 0, 3, 6, 4]
[4, 5, 2, 0, 8, 9, 4]
[5, 1, 7, 8, 9, 4, 5]
[5, 2, 0, 3, 6, 4, 5]
[5, 2, 0, 8, 9, 4, 5]
[6, 2, 9, 4, 3, 0, 8]
[6, 4, 5, 2, 0, 3, 6]
[7, 8, 9, 4, 5, 1, 7]
[8, 9, 4, 5, 1, 7, 8]
[8, 9, 4, 5, 2, 0, 8]
[9, 4, 5, 1, 7, 8, 9]
[9, 4, 5, 2, 0, 8, 9]
[0, 3, 6, 2, 5, 1, 7, 4]
[0, 8, 9, 4, 3, 6, 2, 0]
[1, 7, 4, 3, 6, 2, 5, 1]
[1, 7, 4, 5, 2, 0, 3, 6]
[1, 7, 4, 5, 2, 0, 8, 9]
[1, 7, 5, 2, 0, 3, 6, 4]
[1, 7, 5, 2, 0, 4, 3, 6]
[1, 7, 5, 2, 9, 4, 3, 6]
[1, 7, 8, 9, 4, 5, 2, 6]
[1, 7, 9, 4, 5, 2, 0, 8]
[2, 0, 8, 9, 4, 3, 6, 2]
[2, 5, 1, 7, 4, 3, 6, 2]
[2, 6, 4, 5, 1, 7, 8, 9]
[3, 0, 4, 5, 1, 7, 8, 9]
[3, 0, 8, 9, 4, 5, 1, 7]
[3, 0, 8, 9, 4, 5, 2, 6]
[3, 6, 2, 0, 8, 9, 4, 3]
[3, 6, 2, 5, 1, 7, 4, 3]
[3, 6, 4, 5, 2, 0, 8, 9]
[4, 3, 6, 2, 0, 8, 9, 4]
[4, 3, 6, 2, 5, 1, 7, 4]
[5, 1, 7, 4, 3, 6, 2, 5]
[6, 2, 0, 8, 9, 4, 3, 6]
[6, 2, 5, 1, 7, 4, 3, 6]
[7, 4, 3, 6, 2, 5, 1, 7]
[8, 9, 4, 3, 6, 2, 0, 8]
[9, 4, 3, 6, 2, 0, 8, 9]
[0, 3, 6, 2, 5, 1, 7, 9, 4]
[0, 3, 6, 2, 9, 5, 1, 7, 4]
[0, 3, 6, 2, 9, 5, 1, 7, 8]
[0, 4, 3, 6, 2, 5, 1, 7, 9]
[0, 8, 9, 5, 1, 7, 4, 3, 0]
[0, 8, 9, 5, 2, 6, 4, 3, 0]
[1, 7, 4, 3, 0, 8, 9, 5, 1]
[1, 7, 4, 3, 6, 2, 9, 5, 1]
[1, 7, 5, 2, 9, 4, 3, 0, 8]
[1, 7, 9, 4, 3, 6, 2, 5, 1]
[1, 7, 9, 4, 5, 2, 0, 3, 6]
[1, 7, 9, 5, 2, 0, 3, 6, 4]
[1, 7, 9, 5, 2, 0, 4, 3, 6]
[2, 0, 3, 6, 4, 5, 1, 7, 9]
[2, 5, 1, 7, 9, 4, 3, 6, 2]
[2, 6, 4, 3, 0, 8, 9, 5, 2]
[2, 9, 5, 1, 7, 4, 3, 6, 2]
[3, 0, 8, 9, 5, 1, 7, 4, 3]
[3, 0, 8, 9, 5, 2, 6, 4, 3]
[3, 6, 2, 0, 4, 5, 1, 7, 9]
[3, 6, 2, 5, 1, 7, 9, 4, 3]
[3, 6, 2, 9, 5, 1, 7, 4, 3]
[4, 3, 0, 8, 9, 5, 1, 7, 4]
[4, 3, 0, 8, 9, 5, 2, 6, 4]
[4, 3, 6, 2, 5, 1, 7, 9, 4]
[4, 3, 6, 2, 9, 5, 1, 7, 4]
[5, 1, 7, 4, 3, 0, 8, 9, 5]
[5, 1, 7, 4, 3, 6, 2, 9, 5]
[5, 1, 7, 9, 4, 3, 6, 2, 5]
[5, 2, 6, 4, 3, 0, 8, 9, 5]
[6, 2, 5, 1, 7, 9, 4, 3, 6]
[6, 2, 9, 5, 1, 7, 4, 3, 6]
[6, 4, 3, 0, 8, 9, 5, 2, 6]
[7, 4, 3, 0, 8, 9, 5, 1, 7]
[7, 4, 3, 6, 2, 9, 5, 1, 7]
[7, 9, 4, 3, 6, 2, 5, 1, 7]
[8, 9, 5, 1, 7, 4, 3, 0, 8]
[8, 9, 5, 2, 6, 4, 3, 0, 8]
[9, 4, 3, 6, 2, 5, 1, 7, 9]
[9, 5, 1, 7, 4, 3, 0, 8, 9]
[9, 5, 1, 7, 4, 3, 6, 2, 9]
[9, 5, 2, 6, 4, 3, 0, 8, 9]
[0, 3, 6, 2, 5, 1, 7, 8, 9, 4]
[0, 3, 6, 2, 9, 4, 5, 1, 7, 8]
[0, 4, 3, 6, 2, 5, 1, 7, 8, 9]
[0, 4, 3, 6, 2, 9, 5, 1, 7, 8]
[0, 8, 9, 4, 3, 6, 2, 5, 1, 7]
[1, 7, 4, 3, 0, 8, 9, 5, 2, 6]
[1, 7, 5, 2, 0, 8, 9, 4, 3, 6]
[1, 7, 5, 2, 6, 4, 3, 0, 8, 9]
[1, 7, 8, 9, 4, 3, 6, 2, 5, 1]
[1, 7, 8, 9, 4, 5, 2, 0, 3, 6]
[1, 7, 8, 9, 5, 2, 0, 3, 6, 4]
[1, 7, 8, 9, 5, 2, 0, 4, 3, 6]
[1, 7, 8, 9, 5, 2, 6, 4, 3, 0]
[1, 7, 9, 5, 2, 6, 4, 3, 0, 8]
[2, 0, 3, 6, 4, 5, 1, 7, 8, 9]
[2, 5, 1, 7, 8, 9, 4, 3, 6, 2]
[2, 6, 4, 3, 0, 8, 9, 5, 1, 7]
[3, 6, 2, 0, 4, 5, 1, 7, 8, 9]
[3, 6, 2, 0, 8, 9, 4, 5, 1, 7]
[3, 6, 2, 5, 1, 7, 8, 9, 4, 3]
[4, 3, 6, 2, 5, 1, 7, 8, 9, 4]
[5, 1, 7, 8, 9, 4, 3, 6, 2, 0]
[5, 1, 7, 8, 9, 4, 3, 6, 2, 5]
[5, 1, 7, 9, 4, 3, 6, 2, 0, 8]
[6, 2, 5, 1, 7, 4, 3, 0, 8, 9]
[6, 2, 5, 1, 7, 8, 9, 4, 3, 0]
[6, 2, 5, 1, 7, 8, 9, 4, 3, 6]
[6, 2, 5, 1, 7, 9, 4, 3, 0, 8]
[6, 2, 9, 5, 1, 7, 4, 3, 0, 8]
[7, 8, 9, 4, 3, 6, 2, 5, 1, 7]
[8, 9, 4, 3, 6, 2, 5, 1, 7, 8]
[9, 4, 3, 6, 2, 5, 1, 7, 8, 9]
[0, 8, 9, 5, 1, 7, 4, 3, 6, 2, 0]
[1, 7, 4, 3, 6, 2, 0, 8, 9, 5, 1]
[2, 0, 8, 9, 5, 1, 7, 4, 3, 6, 2]
[3, 6, 2, 0, 8, 9, 5, 1, 7, 4, 3]
[4, 3, 6, 2, 0, 8, 9, 5, 1, 7, 4]
[5, 1, 7, 4, 3, 6, 2, 0, 8, 9, 5]
[6, 2, 0, 8, 9, 5, 1, 7, 4, 3, 6]
[7, 4, 3, 6, 2, 0, 8, 9, 5, 1, 7]
[8, 9, 5, 1, 7, 4, 3, 6, 2, 0, 8]
[9, 5, 1, 7, 4, 3, 6, 2, 0, 8, 9]
