297
[4, 6, 4]
[6, 4, 6]
[0, 6, 4, 0]
[1, 4, 6, 1]
[1, 5, 3, 1]
[1, 7, 6, 1]
[2, 4, 7, 2]
[3, 1, 5, 3]
[4, 0, 6, 4]
[4, 6, 1, 4]
[4, 7, 2, 4]
[4, 7, 6, 4]
[5, 3, 1, 5]
[6, 1, 4, 6]
[6, 1, 7, 6]
[6, 4, 0, 6]
[6, 4, 7, 6]
[7, 2, 4, 7]
[7, 6, 1, 7]
[7, 6, 4, 7]
[0, 3, 1, 4, 0]
[0, 3, 1, 7, 0]
[0, 6, 1, 4, 0]
[0, 6, 1, 7, 0]
[0, 6, 4, 7, 0]
[0, 6, 4, 7, 2]
[1, 4, 0, 3, 1]
[1, 4, 0, 6, 1]
[1, 4, 6, 3, 1]
[1, 4, 7, 6, 1]
[1, 5, 7, 6, 1]
[1, 7, 0, 3, 1]
[1, 7, 0, 6, 1]
[1, 7, 6, 3, 1]
[3, 1, 4, 0, 3]
[3, 1, 4, 6, 3]
[3, 1, 7, 0, 3]
[3, 1, 7, 6, 3]
[4, 0, 3, 1, 4]
[4, 0, 6, 1, 4]
[4, 6, 3, 1, 4]
[4, 7, 0, 6, 4]
[4, 7, 6, 1, 4]
[5, 3, 1, 4, 6]
[5, 7, 6, 1, 5]
[6, 1, 4, 0, 6]
[6, 1, 4, 7, 6]
[6, 1, 5, 7, 6]
[6, 1, 7, 0, 6]
[6, 3, 1, 4, 6]
[6, 3, 1, 7, 6]
[6, 4, 7, 0, 6]
[7, 0, 3, 1, 7]
[7, 0, 6, 1, 7]
[7, 0, 6, 4, 7]
[7, 6, 1, 4, 7]
[7, 6, 1, 5, 7]
[7, 6, 3, 1, 7]
[0, 3, 1, 4, 7, 0]
[0, 3, 1, 4, 7, 2]
[0, 3, 1, 4, 7, 6]
[0, 3, 1, 5, 7, 0]
[0, 6, 1, 4, 7, 0]
[0, 6, 1, 4, 7, 2]
[0, 6, 1, 5, 7, 0]
[0, 6, 3, 1, 4, 0]
[0, 6, 3, 1, 7, 0]
[1, 4, 0, 6, 3, 1]
[1, 4, 7, 0, 3, 1]
[1, 4, 7, 0, 6, 1]
[1, 4, 7, 6, 3, 1]
[1, 5, 2, 4, 6, 1]
[1, 5, 7, 0, 3, 1]
[1, 5, 7, 0, 6, 1]
[1, 5, 7, 6, 3, 1]
[1, 7, 0, 6, 3, 1]
[1, 7, 2, 4, 6, 1]
[2, 4, 6, 1, 5, 2]
[2, 4, 6, 1, 7, 2]
[3, 1, 4, 0, 6, 3]
[3, 1, 4, 7, 0, 3]
[3, 1, 4, 7, 6, 3]
[3, 1, 5, 7, 0, 3]
[3, 1, 5, 7, 6, 3]
[3, 1, 7, 0, 6, 3]
[4, 0, 6, 3, 1, 4]
[4, 6, 1, 5, 2, 4]
[4, 6, 1, 7, 2, 4]
[4, 7, 0, 3, 1, 4]
[4, 7, 0, 6, 1, 4]
[4, 7, 6, 3, 1, 4]
[5, 2, 4, 6, 1, 5]
[5, 3, 1, 4, 0, 6]
[5, 3, 1, 4, 7, 2]
[5, 3, 1, 4, 7, 6]
[5, 7, 0, 3, 1, 5]
[5, 7, 0, 6, 1, 4]
[5, 7, 0, 6, 1, 5]
[5, 7, 6, 3, 1, 5]
[6, 1, 4, 7, 0, 3]
[6, 1, 4, 7, 0, 6]
[6, 1, 5, 2, 4, 6]
[6, 1, 5, 7, 0, 6]
[6, 1, 7, 2, 4, 6]
[6, 3, 1, 4, 0, 6]
[6, 3, 1, 4, 7, 6]
[6, 3, 1, 5, 7, 6]
[6, 3, 1, 7, 0, 6]
[7, 0, 3, 1, 4, 7]
[7, 0, 3, 1, 5, 7]
[7, 0, 6, 1, 4, 7]
[7, 0, 6, 1, 5, 7]
[7, 0, 6, 3, 1, 7]
[7, 2, 4, 6, 1, 7]
[7, 6, 3, 1, 4, 7]
[7, 6, 3, 1, 5, 7]
[0, 3, 1, 5, 2, 4, 0]
[0, 3, 1, 7, 2, 4, 0]
[0, 3, 1, 7, 2, 4, 6]
[0, 3, 1, 7, 6, 4, 0]
[0, 6, 1, 5, 2, 4, 0]
[0, 6, 1, 7, 2, 4, 0]
[0, 6, 3, 1, 4, 7, 0]
[0, 6, 3, 1, 4, 7, 2]
[0, 6, 3, 1, 5, 7, 0]
[1, 4, 7, 0, 6, 3, 1]
[1, 5, 2, 4, 0, 3, 1]
[1, 5, 2, 4, 0, 6, 1]
[1, 5, 2, 4, 6, 3, 1]
[1, 5, 2, 4, 7, 6, 1]
[1, 5, 7, 0, 6, 3, 1]
[1, 5, 7, 2, 4, 6, 1]
[1, 7, 2, 4, 0, 3, 1]
[1, 7, 2, 4, 0, 6, 1]
[1, 7, 2, 4, 6, 3, 1]
[1, 7, 6, 4, 0, 3, 1]
[2, 4, 0, 3, 1, 5, 2]
[2, 4, 0, 3, 1, 7, 2]
[2, 4, 0, 6, 1, 5, 2]
[2, 4, 0, 6, 1, 7, 2]
[2, 4, 6, 1, 5, 7, 2]
[2, 4, 6, 3, 1, 5, 2]
[2, 4, 6, 3, 1, 7, 2]
[2, 4, 7, 6, 1, 5, 2]
[2, 4, 7, 6, 1, 5, 3]
[3, 1, 4, 7, 0, 6, 3]
[3, 1, 5, 2, 4, 0, 3]
[3, 1, 5, 2, 4, 6, 3]
[3, 1, 5, 7, 0, 6, 3]
[3, 1, 5, 7, 0, 6, 4]
[3, 1, 7, 2, 4, 0, 3]
[3, 1, 7, 2, 4, 6, 3]
[3, 1, 7, 6, 4, 0, 3]
[4, 0, 3, 1, 5, 2, 4]
[4, 0, 3, 1, 7, 2, 4]
[4, 0, 3, 1, 7, 6, 4]
[4, 0, 6, 1, 5, 2, 4]
[4, 0, 6, 1, 7, 2, 4]
[4, 6, 1, 5, 7, 2, 4]
[4, 6, 3, 1, 5, 2, 4]
[4, 6, 3, 1, 7, 2, 4]
[4, 7, 0, 6, 3, 1, 4]
[4, 7, 6, 1, 5, 2, 4]
[5, 2, 4, 0, 3, 1, 5]
[5, 2, 4, 0, 6, 1, 5]
[5, 2, 4, 0, 6, 1, 7]
[5, 2, 4, 6, 3, 1, 5]
[5, 2, 4, 7, 6, 1, 5]
[5, 3, 1, 4, 7, 0, 6]
[5, 3, 1, 7, 0, 6, 4]
[5, 3, 1, 7, 2, 4, 6]
[5, 3, 1, 7, 6, 4, 0]
[5, 7, 0, 3, 1, 4, 6]
[5, 7, 0, 6, 3, 1, 4]
[5, 7, 0, 6, 3, 1, 5]
[5, 7, 2, 4, 6, 1, 5]
[5, 7, 6, 1, 4, 0, 3]
[5, 7, 6, 3, 1, 4, 0]
[6, 1, 5, 2, 4, 0, 6]
[6, 1, 5, 2, 4, 7, 6]
[6, 1, 5, 7, 2, 4, 6]
[6, 1, 7, 2, 4, 0, 3]
[6, 1, 7, 2, 4, 0, 6]
[6, 3, 1, 4, 7, 0, 6]
[6, 3, 1, 5, 2, 4, 6]
[6, 3, 1, 5, 7, 0, 6]
[6, 3, 1, 7, 2, 4, 6]
[6, 4, 0, 3, 1, 7, 2]
[6, 4, 0, 3, 1, 7, 6]
[7, 0, 6, 3, 1, 4, 7]
[7, 0, 6, 3, 1, 5, 7]
[7, 2, 4, 0, 3, 1, 7]
[7, 2, 4, 0, 6, 1, 7]
[7, 2, 4, 6, 1, 5, 3]
[7, 2, 4, 6, 1, 5, 7]
[7, 2, 4, 6, 3, 1, 7]
[7, 6, 1, 5, 2, 4, 7]
[7, 6, 4, 0, 3, 1, 7]
[0, 3, 1, 5, 2, 4, 7, 0]
[0, 3, 1, 5, 2, 4, 7, 6]
[0, 3, 1, 5, 7, 2, 4, 0]
[0, 3, 1, 5, 7, 2, 4, 6]
[0, 3, 1, 5, 7, 6, 4, 0]
[0, 6, 1, 5, 2, 4, 7, 0]
[0, 6, 1, 5, 7, 2, 4, 0]
[0, 6, 3, 1, 5, 2, 4, 0]
[0, 6, 3, 1, 7, 2, 4, 0]
[1, 5, 2, 4, 0, 6, 3, 1]
[1, 5, 2, 4, 7, 0, 3, 1]
[1, 5, 2, 4, 7, 0, 6, 1]
[1, 5, 2, 4, 7, 6, 3, 1]
[1, 5, 7, 2, 4, 0, 3, 1]
[1, 5, 7, 2, 4, 0, 6, 1]
[1, 5, 7, 2, 4, 6, 3, 1]
[1, 5, 7, 6, 4, 0, 3, 1]
[1, 7, 2, 4, 0, 6, 3, 1]
[2, 4, 0, 3, 1, 5, 7, 2]
[2, 4, 0, 3, 1, 5, 7, 6]
[2, 4, 0, 6, 1, 5, 7, 2]
[2, 4, 0, 6, 3, 1, 5, 2]
[2, 4, 0, 6, 3, 1, 7, 2]
[2, 4, 6, 1, 5, 7, 0, 3]
[2, 4, 6, 3, 1, 5, 7, 0]
[2, 4, 6, 3, 1, 5, 7, 2]
[2, 4, 7, 0, 3, 1, 5, 2]
[2, 4, 7, 0, 6, 1, 5, 2]
[2, 4, 7, 0, 6, 1, 5, 3]
[2, 4, 7, 6, 3, 1, 5, 2]
[3, 1, 5, 2, 4, 0, 6, 3]
[3, 1, 5, 2, 4, 7, 0, 3]
[3, 1, 5, 2, 4, 7, 6, 3]
[3, 1, 5, 7, 2, 4, 0, 3]
[3, 1, 5, 7, 2, 4, 6, 3]
[3, 1, 5, 7, 6, 4, 0, 3]
[3, 1, 7, 2, 4, 0, 6, 3]
[4, 0, 3, 1, 5, 7, 2, 4]
[4, 0, 3, 1, 5, 7, 6, 4]
[4, 0, 6, 1, 5, 7, 2, 4]
[4, 0, 6, 3, 1, 5, 2, 4]
[4, 0, 6, 3, 1, 7, 2, 4]
[4, 6, 3, 1, 5, 7, 2, 4]
[4, 7, 0, 3, 1, 5, 2, 4]
[4, 7, 0, 6, 1, 5, 2, 4]
[4, 7, 6, 3, 1, 5, 2, 4]
[5, 2, 4, 0, 3, 1, 7, 6]
[5, 2, 4, 0, 6, 3, 1, 5]
[5, 2, 4, 0, 6, 3, 1, 7]
[5, 2, 4, 6, 1, 7, 0, 3]
[5, 2, 4, 6, 3, 1, 7, 0]
[5, 2, 4, 7, 0, 3, 1, 5]
[5, 2, 4, 7, 0, 6, 1, 5]
[5, 2, 4, 7, 6, 3, 1, 5]
[5, 3, 1, 7, 2, 4, 0, 6]
[5, 7, 2, 4, 0, 3, 1, 5]
[5, 7, 2, 4, 0, 6, 1, 5]
[5, 7, 2, 4, 6, 3, 1, 5]
[5, 7, 6, 4, 0, 3, 1, 5]
[6, 1, 5, 2, 4, 7, 0, 3]
[6, 1, 5, 2, 4, 7, 0, 6]
[6, 1, 5, 7, 2, 4, 0, 3]
[6, 1, 5, 7, 2, 4, 0, 6]
[6, 3, 1, 5, 2, 4, 0, 6]
[6, 3, 1, 5, 2, 4, 7, 6]
[6, 3, 1, 5, 7, 2, 4, 6]
[6, 3, 1, 7, 2, 4, 0, 6]
[6, 4, 0, 3, 1, 5, 7, 2]
[6, 4, 0, 3, 1, 5, 7, 6]
[6, 4, 7, 0, 3, 1, 5, 2]
[7, 0, 3, 1, 5, 2, 4, 6]
[7, 0, 3, 1, 5, 2, 4, 7]
[7, 0, 6, 1, 5, 2, 4, 7]
[7, 2, 4, 0, 3, 1, 5, 7]
[7, 2, 4, 0, 6, 1, 5, 3]
[7, 2, 4, 0, 6, 1, 5, 7]
[7, 2, 4, 0, 6, 3, 1, 7]
[7, 2, 4, 6, 3, 1, 5, 7]
[7, 6, 1, 5, 2, 4, 0, 3]
[7, 6, 3, 1, 5, 2, 4, 0]
[7, 6, 3, 1, 5, 2, 4, 7]
[7, 6, 4, 0, 3, 1, 5, 2]
[7, 6, 4, 0, 3, 1, 5, 7]
[0, 6, 3, 1, 5, 2, 4, 7, 0]
[0, 6, 3, 1, 5, 7, 2, 4, 0]
[1, 5, 2, 4, 7, 0, 6, 3, 1]
[1, 5, 7, 2, 4, 0, 6, 3, 1]
[2, 4, 0, 6, 3, 1, 5, 7, 2]
[2, 4, 7, 0, 6, 3, 1, 5, 2]
[3, 1, 5, 2, 4, 7, 0, 6, 3]
[3, 1, 5, 7, 2, 4, 0, 6, 3]
[4, 0, 6, 3, 1, 5, 7, 2, 4]
[4, 7, 0, 6, 3, 1, 5, 2, 4]
[5, 2, 4, 7, 0, 6, 3, 1, 5]
[5, 7, 2, 4, 0, 6, 3, 1, 5]
[6, 3, 1, 5, 2, 4, 7, 0, 6]
[6, 3, 1, 5, 7, 2, 4, 0, 6]
[7, 0, 6, 3, 1, 5, 2, 4, 7]
[7, 2, 4, 0, 6, 3, 1, 5, 7]
