202
[1, 5, 1]
[2, 4, 2]
[3, 8, 3]
[4, 2, 4]
[5, 1, 5]
[8, 3, 8]
[0, 2, 6, 0]
[0, 2, 7, 0]
[1, 3, 9, 1]
[1, 5, 9, 1]
[2, 6, 0, 2]
[2, 7, 0, 2]
[3, 9, 1, 3]
[3, 9, 8, 3]
[4, 5, 9, 4]
[5, 9, 1, 5]
[5, 9, 4, 5]
[6, 0, 2, 6]
[6, 0, 2, 7]
[7, 0, 2, 7]
[8, 3, 9, 8]
[9, 1, 3, 9]
[9, 1, 5, 9]
[9, 4, 5, 9]
[9, 8, 3, 9]
[0, 2, 4, 5, 0]
[1, 2, 4, 5, 1]
[1, 5, 3, 9, 1]
[1, 5, 3, 9, 8]
[1, 5, 9, 8, 3]
[1, 8, 3, 9, 1]
[2, 4, 5, 0, 2]
[2, 4, 5, 1, 2]
[3, 9, 1, 5, 3]
[3, 9, 1, 8, 3]
[3, 9, 4, 5, 3]
[3, 9, 4, 8, 3]
[4, 5, 0, 2, 4]
[4, 5, 1, 2, 4]
[4, 5, 3, 9, 4]
[4, 8, 3, 9, 4]
[5, 0, 2, 4, 5]
[5, 1, 2, 4, 5]
[5, 3, 9, 1, 5]
[5, 3, 9, 4, 5]
[8, 3, 9, 1, 8]
[8, 3, 9, 4, 8]
[9, 1, 5, 3, 8]
[9, 1, 5, 3, 9]
[9, 1, 8, 3, 9]
[9, 4, 5, 3, 8]
[9, 4, 5, 3, 9]
[9, 4, 8, 3, 9]
[1, 2, 4, 5, 9, 1]
[1, 2, 6, 3, 9, 1]
[1, 3, 9, 4, 5, 1]
[1, 5, 3, 9, 4, 8]
[1, 5, 9, 4, 8, 3]
[2, 4, 5, 9, 1, 2]
[2, 6, 3, 9, 1, 2]
[2, 6, 3, 9, 4, 2]
[3, 9, 1, 2, 6, 3]
[3, 9, 4, 2, 6, 3]
[3, 9, 4, 5, 1, 3]
[4, 2, 6, 3, 9, 4]
[4, 2, 6, 3, 9, 8]
[4, 5, 1, 3, 9, 4]
[4, 5, 9, 1, 2, 4]
[5, 1, 3, 9, 4, 5]
[5, 1, 3, 9, 4, 8]
[5, 9, 1, 2, 4, 5]
[6, 3, 9, 1, 2, 6]
[6, 3, 9, 4, 2, 6]
[7, 0, 2, 6, 3, 8]
[9, 1, 2, 4, 5, 9]
[9, 1, 2, 6, 3, 9]
[9, 4, 2, 6, 3, 9]
[9, 4, 5, 1, 3, 8]
[9, 4, 5, 1, 3, 9]
[1, 2, 4, 5, 3, 9, 1]
[1, 2, 4, 5, 3, 9, 8]
[1, 2, 4, 5, 9, 8, 3]
[1, 2, 4, 8, 3, 9, 1]
[1, 5, 9, 4, 2, 6, 0]
[1, 5, 9, 4, 2, 7, 0]
[1, 8, 3, 9, 4, 5, 1]
[2, 4, 5, 3, 9, 1, 2]
[2, 4, 8, 3, 9, 1, 2]
[3, 9, 1, 2, 4, 5, 3]
[3, 9, 1, 2, 4, 8, 3]
[3, 9, 4, 5, 1, 8, 3]
[4, 2, 6, 3, 9, 1, 8]
[4, 5, 1, 8, 3, 9, 4]
[4, 5, 3, 9, 1, 2, 4]
[4, 5, 9, 1, 2, 6, 0]
[4, 5, 9, 1, 2, 7, 0]
[4, 8, 3, 9, 1, 2, 4]
[5, 1, 2, 4, 8, 3, 9]
[5, 1, 8, 3, 9, 4, 5]
[5, 3, 9, 1, 2, 4, 5]
[5, 3, 9, 1, 2, 4, 8]
[5, 9, 1, 2, 4, 8, 3]
[6, 0, 2, 4, 5, 3, 8]
[6, 3, 9, 1, 2, 4, 8]
[6, 3, 9, 1, 2, 7, 0]
[6, 3, 9, 4, 2, 7, 0]
[7, 0, 2, 4, 5, 3, 8]
[7, 0, 2, 6, 3, 9, 8]
[8, 3, 9, 1, 2, 4, 8]
[8, 3, 9, 4, 5, 1, 8]
[9, 1, 2, 4, 5, 3, 8]
[9, 1, 2, 4, 5, 3, 9]
[9, 1, 2, 4, 8, 3, 9]
[9, 4, 5, 1, 8, 3, 9]
[0, 2, 6, 3, 9, 1, 5, 0]
[0, 2, 6, 3, 9, 4, 5, 0]
[1, 2, 6, 3, 9, 4, 5, 0]
[1, 2, 6, 3, 9, 4, 5, 1]
[1, 3, 9, 4, 5, 0, 2, 6]
[1, 3, 9, 4, 5, 0, 2, 7]
[1, 5, 0, 2, 6, 3, 9, 1]
[1, 5, 0, 2, 6, 3, 9, 8]
[1, 5, 3, 9, 4, 2, 6, 0]
[1, 5, 3, 9, 4, 2, 7, 0]
[1, 5, 9, 4, 2, 6, 3, 8]
[2, 6, 3, 9, 1, 5, 0, 2]
[2, 6, 3, 9, 4, 5, 0, 2]
[2, 6, 3, 9, 4, 5, 1, 2]
[3, 9, 1, 5, 0, 2, 6, 3]
[3, 9, 4, 5, 0, 2, 6, 3]
[3, 9, 4, 5, 1, 2, 6, 3]
[4, 2, 6, 3, 9, 1, 5, 0]
[4, 5, 0, 2, 6, 3, 9, 4]
[4, 5, 0, 2, 6, 3, 9, 8]
[4, 5, 1, 2, 6, 3, 9, 4]
[4, 5, 1, 2, 6, 3, 9, 8]
[4, 5, 3, 9, 1, 2, 6, 0]
[4, 5, 3, 9, 1, 2, 7, 0]
[4, 5, 9, 1, 2, 6, 3, 8]
[4, 8, 3, 9, 1, 2, 6, 0]
[4, 8, 3, 9, 1, 2, 7, 0]
[5, 0, 2, 6, 3, 9, 1, 5]
[5, 0, 2, 6, 3, 9, 4, 5]
[5, 1, 2, 6, 3, 9, 4, 5]
[5, 1, 2, 6, 3, 9, 4, 8]
[5, 1, 3, 9, 4, 2, 6, 0]
[5, 1, 3, 9, 4, 2, 7, 0]
[6, 0, 2, 4, 5, 1, 3, 8]
[6, 0, 2, 4, 5, 3, 9, 8]
[6, 0, 2, 4, 5, 9, 8, 3]
[6, 3, 9, 1, 2, 4, 5, 0]
[6, 3, 9, 1, 5, 0, 2, 6]
[6, 3, 9, 1, 5, 0, 2, 7]
[6, 3, 9, 4, 5, 0, 2, 6]
[6, 3, 9, 4, 5, 0, 2, 7]
[6, 3, 9, 4, 5, 1, 2, 6]
[7, 0, 2, 4, 5, 1, 3, 8]
[7, 0, 2, 4, 5, 3, 9, 8]
[7, 0, 2, 4, 5, 9, 8, 3]
[7, 0, 2, 6, 3, 9, 1, 5]
[7, 0, 2, 6, 3, 9, 1, 8]
[7, 0, 2, 6, 3, 9, 4, 8]
[8, 3, 9, 1, 2, 4, 5, 0]
[9, 1, 5, 0, 2, 6, 3, 8]
[9, 1, 5, 0, 2, 6, 3, 9]
[9, 4, 5, 0, 2, 6, 3, 8]
[9, 4, 5, 0, 2, 6, 3, 9]
[9, 4, 5, 1, 2, 6, 3, 8]
[9, 4, 5, 1, 2, 6, 3, 9]
[0, 2, 4, 8, 3, 9, 1, 5, 0]
[1, 5, 0, 2, 4, 8, 3, 9, 1]
[1, 5, 0, 2, 6, 3, 9, 4, 8]
[1, 8, 3, 9, 4, 5, 0, 2, 6]
[1, 8, 3, 9, 4, 5, 0, 2, 7]
[2, 4, 8, 3, 9, 1, 5, 0, 2]
[3, 9, 1, 5, 0, 2, 4, 8, 3]
[4, 5, 0, 2, 6, 3, 9, 1, 8]
[4, 8, 3, 9, 1, 5, 0, 2, 4]
[4, 8, 3, 9, 1, 5, 0, 2, 6]
[4, 8, 3, 9, 1, 5, 0, 2, 7]
[5, 0, 2, 4, 8, 3, 9, 1, 5]
[5, 1, 8, 3, 9, 4, 2, 6, 0]
[5, 1, 8, 3, 9, 4, 2, 7, 0]
[6, 0, 2, 4, 5, 1, 3, 9, 8]
[6, 0, 2, 4, 5, 1, 8, 3, 9]
[6, 0, 2, 4, 5, 3, 9, 1, 8]
[6, 0, 2, 4, 5, 9, 1, 3, 8]
[6, 0, 2, 4, 5, 9, 1, 8, 3]
[6, 0, 2, 4, 8, 3, 9, 1, 5]
[6, 3, 9, 1, 5, 0, 2, 4, 8]
[6, 3, 9, 4, 5, 1, 2, 7, 0]
[7, 0, 2, 4, 5, 1, 3, 9, 8]
[7, 0, 2, 4, 5, 1, 8, 3, 9]
[7, 0, 2, 4, 5, 3, 9, 1, 8]
[7, 0, 2, 4, 5, 9, 1, 3, 8]
[7, 0, 2, 4, 5, 9, 1, 8, 3]
[7, 0, 2, 4, 8, 3, 9, 1, 5]
[8, 3, 9, 1, 5, 0, 2, 4, 8]
[8, 3, 9, 4, 5, 1, 2, 6, 0]
[8, 3, 9, 4, 5, 1, 2, 7, 0]
[9, 1, 5, 0, 2, 4, 8, 3, 9]
[7, 0, 2, 6, 3, 9, 4, 5, 1, 8]
