108
[0, 2, 0]
[2, 0, 2]
[8, 9, 8]
[9, 8, 9]
[0, 4, 9, 1, 0]
[0, 5, 3, 2, 0]
[1, 0, 4, 9, 1]
[2, 0, 5, 3, 2]
[3, 2, 0, 5, 3]
[4, 9, 1, 0, 4]
[4, 9, 8, 6, 4]
[5, 3, 2, 0, 5]
[6, 4, 9, 8, 6]
[8, 6, 4, 9, 8]
[8, 9, 1, 0, 2]
[9, 1, 0, 4, 9]
[9, 8, 6, 4, 9]
[0, 4, 5, 3, 2, 0]
[0, 6, 4, 9, 1, 0]
[1, 0, 4, 9, 8, 6]
[1, 0, 6, 4, 9, 1]
[2, 0, 4, 5, 3, 2]
[3, 2, 0, 4, 5, 3]
[4, 5, 3, 2, 0, 4]
[4, 9, 1, 0, 6, 4]
[5, 3, 2, 0, 4, 5]
[6, 4, 9, 1, 0, 6]
[9, 1, 0, 6, 4, 9]
[0, 4, 9, 1, 3, 2, 0]
[0, 4, 9, 7, 3, 2, 0]
[0, 6, 4, 5, 3, 2, 0]
[1, 0, 4, 9, 7, 3, 2]
[1, 3, 2, 0, 4, 9, 1]
[1, 3, 2, 0, 4, 9, 7]
[2, 0, 4, 9, 1, 3, 2]
[2, 0, 4, 9, 7, 3, 2]
[2, 0, 6, 4, 5, 3, 2]
[3, 2, 0, 4, 9, 1, 3]
[3, 2, 0, 4, 9, 7, 3]
[3, 2, 0, 6, 4, 5, 3]
[4, 5, 3, 2, 0, 6, 4]
[4, 9, 1, 3, 2, 0, 4]
[4, 9, 7, 3, 2, 0, 4]
[5, 3, 2, 0, 6, 4, 5]
[6, 4, 5, 3, 2, 0, 6]
[7, 3, 2, 0, 4, 9, 1]
[7, 3, 2, 0, 4, 9, 7]
[8, 6, 4, 9, 1, 0, 2]
[8, 9, 1, 0, 5, 3, 2]
[8, 9, 1, 3, 2, 0, 5]
[8, 9, 7, 3, 2, 0, 5]
[9, 1, 3, 2, 0, 4, 9]
[9, 7, 3, 2, 0, 4, 9]
[0, 4, 9, 8, 5, 3, 2, 0]
[0, 6, 4, 9, 1, 3, 2, 0]
[0, 6, 4, 9, 7, 3, 2, 0]
[1, 0, 4, 9, 8, 5, 3, 2]
[1, 0, 6, 4, 9, 7, 3, 2]
[1, 3, 2, 0, 4, 9, 8, 5]
[1, 3, 2, 0, 4, 9, 8, 6]
[1, 3, 2, 0, 6, 4, 9, 1]
[1, 3, 2, 0, 6, 4, 9, 7]
[2, 0, 4, 9, 8, 5, 3, 2]
[2, 0, 6, 4, 9, 1, 3, 2]
[2, 0, 6, 4, 9, 7, 3, 2]
[3, 2, 0, 4, 9, 8, 5, 3]
[3, 2, 0, 6, 4, 9, 1, 3]
[3, 2, 0, 6, 4, 9, 7, 3]
[4, 9, 1, 3, 2, 0, 6, 4]
[4, 9, 7, 3, 2, 0, 6, 4]
[4, 9, 8, 5, 3, 2, 0, 4]
[5, 3, 2, 0, 4, 9, 8, 5]
[5, 3, 2, 0, 4, 9, 8, 6]
[6, 4, 9, 1, 3, 2, 0, 6]
[6, 4, 9, 7, 3, 2, 0, 6]
[7, 3, 2, 0, 4, 9, 8, 5]
[7, 3, 2, 0, 4, 9, 8, 6]
[7, 3, 2, 0, 6, 4, 9, 1]
[7, 3, 2, 0, 6, 4, 9, 7]
[8, 5, 3, 2, 0, 4, 9, 1]
[8, 5, 3, 2, 0, 4, 9, 7]
[8, 5, 3, 2, 0, 4, 9, 8]
[8, 9, 1, 0, 4, 5, 3, 2]
[8, 9, 1, 3, 2, 0, 4, 5]
[8, 9, 7, 3, 2, 0, 4, 5]
[9, 1, 3, 2, 0, 6, 4, 9]
[9, 7, 3, 2, 0, 6, 4, 9]
[9, 8, 5, 3, 2, 0, 4, 9]
[9, 8, 6, 4, 5, 3, 2, 0]
[0, 6, 4, 9, 8, 5, 3, 2, 0]
[1, 0, 6, 4, 9, 8, 5, 3, 2]
[1, 3, 2, 0, 6, 4, 9, 8, 5]
[2, 0, 6, 4, 9, 8, 5, 3, 2]
[3, 2, 0, 6, 4, 9, 8, 5, 3]
[4, 9, 8, 5, 3, 2, 0, 6, 4]
[5, 3, 2, 0, 6, 4, 9, 8, 5]
[6, 4, 9, 8, 5, 3, 2, 0, 6]
[7, 3, 2, 0, 6, 4, 9, 8, 5]
[8, 5, 3, 2, 0, 6, 4, 9, 1]
[8, 5, 3, 2, 0, 6, 4, 9, 7]
[8, 5, 3, 2, 0, 6, 4, 9, 8]
[8, 6, 4, 9, 1, 0, 5, 3, 2]
[8, 6, 4, 9, 1, 3, 2, 0, 5]
[8, 6, 4, 9, 7, 3, 2, 0, 5]
[8, 9, 1, 0, 6, 4, 5, 3, 2]
[8, 9, 1, 3, 2, 0, 6, 4, 5]
[8, 9, 7, 3, 2, 0, 6, 4, 5]
[9, 8, 5, 3, 2, 0, 6, 4, 9]
