128
[0, 3, 4, 0]
[0, 3, 4, 2]
[0, 8, 4, 0]
[1, 4, 5, 1]
[1, 4, 5, 3]
[2, 3, 4, 2]
[3, 4, 0, 3]
[3, 4, 2, 3]
[3, 4, 5, 3]
[4, 0, 3, 4]
[4, 0, 8, 4]
[4, 2, 3, 4]
[4, 5, 1, 4]
[4, 5, 3, 4]
[5, 1, 4, 5]
[5, 3, 4, 5]
[8, 4, 0, 3]
[8, 4, 0, 8]
[0, 8, 4, 2, 3]
[0, 8, 4, 5, 3]
[1, 6, 9, 5, 1]
[5, 1, 6, 9, 5]
[6, 9, 5, 1, 6]
[9, 5, 1, 6, 9]
[0, 8, 7, 3, 4, 0]
[0, 8, 7, 3, 4, 2]
[0, 9, 2, 3, 4, 0]
[0, 9, 5, 1, 4, 0]
[0, 9, 5, 3, 4, 0]
[0, 9, 5, 3, 4, 2]
[1, 4, 0, 9, 5, 1]
[1, 4, 0, 9, 5, 3]
[1, 6, 3, 4, 5, 1]
[2, 3, 4, 0, 9, 2]
[3, 4, 0, 8, 7, 3]
[3, 4, 0, 9, 2, 3]
[3, 4, 0, 9, 5, 3]
[3, 4, 5, 1, 6, 3]
[4, 0, 8, 7, 3, 4]
[4, 0, 9, 2, 3, 4]
[4, 0, 9, 5, 1, 4]
[4, 0, 9, 5, 3, 4]
[4, 5, 1, 6, 3, 4]
[5, 1, 4, 0, 9, 5]
[5, 1, 6, 3, 4, 5]
[5, 3, 4, 0, 9, 2]
[5, 3, 4, 0, 9, 5]
[6, 3, 4, 5, 1, 6]
[7, 3, 4, 0, 8, 7]
[8, 4, 0, 9, 2, 3]
[8, 4, 0, 9, 5, 3]
[8, 7, 3, 4, 0, 8]
[9, 2, 3, 4, 0, 9]
[9, 5, 1, 4, 0, 9]
[9, 5, 3, 4, 0, 9]
[0, 8, 4, 5, 1, 6, 3]
[0, 9, 5, 1, 4, 2, 3]
[1, 6, 9, 5, 3, 4, 2]
[5, 1, 4, 0, 9, 2, 3]
[6, 9, 5, 1, 4, 0, 3]
[6, 9, 5, 1, 4, 2, 3]
[8, 7, 3, 4, 0, 9, 2]
[0, 3, 4, 5, 1, 6, 9, 2]
[0, 8, 7, 9, 2, 3, 4, 0]
[0, 8, 7, 9, 5, 1, 4, 0]
[0, 8, 7, 9, 5, 3, 4, 0]
[0, 8, 7, 9, 5, 3, 4, 2]
[0, 9, 2, 3, 4, 5, 1, 6]
[0, 9, 5, 1, 6, 3, 4, 0]
[0, 9, 5, 1, 6, 3, 4, 2]
[1, 4, 0, 8, 7, 9, 5, 1]
[1, 4, 0, 8, 7, 9, 5, 3]
[1, 6, 3, 4, 0, 9, 5, 1]
[1, 6, 9, 2, 3, 4, 5, 1]
[2, 3, 4, 0, 8, 7, 9, 2]
[2, 3, 4, 0, 9, 5, 1, 6]
[2, 3, 4, 5, 1, 6, 9, 2]
[3, 4, 0, 8, 7, 9, 2, 3]
[3, 4, 0, 8, 7, 9, 5, 3]
[3, 4, 0, 9, 5, 1, 6, 3]
[3, 4, 5, 1, 6, 9, 2, 3]
[4, 0, 8, 7, 9, 2, 3, 4]
[4, 0, 8, 7, 9, 5, 1, 4]
[4, 0, 8, 7, 9, 5, 3, 4]
[4, 0, 9, 5, 1, 6, 3, 4]
[4, 5, 1, 6, 9, 2, 3, 4]
[5, 1, 4, 0, 8, 7, 9, 5]
[5, 1, 6, 3, 4, 0, 9, 2]
[5, 1, 6, 3, 4, 0, 9, 5]
[5, 1, 6, 9, 2, 3, 4, 5]
[5, 3, 4, 0, 8, 7, 9, 2]
[5, 3, 4, 0, 8, 7, 9, 5]
[6, 3, 4, 0, 9, 5, 1, 6]
[6, 9, 2, 3, 4, 5, 1, 6]
[7, 9, 2, 3, 4, 0, 8, 7]
[7, 9, 5, 1, 4, 0, 8, 7]
[7, 9, 5, 3, 4, 0, 8, 7]
[8, 4, 0, 9, 5, 1, 6, 3]
[8, 7, 9, 2, 3, 4, 0, 8]
[8, 7, 9, 5, 1, 4, 0, 3]
[8, 7, 9, 5, 1, 4, 0, 8]
[8, 7, 9, 5, 3, 4, 0, 8]
[9, 2, 3, 4, 0, 8, 7, 9]
[9, 2, 3, 4, 5, 1, 6, 9]
[9, 5, 1, 4, 0, 8, 7, 9]
[9, 5, 1, 6, 3, 4, 0, 9]
[9, 5, 3, 4, 0, 8, 7, 9]
[0, 8, 4, 5, 1, 6, 9, 2, 3]
[0, 8, 7, 9, 5, 1, 4, 2, 3]
[1, 6, 9, 5, 3, 4, 0, 8, 7]
[5, 1, 4, 0, 8, 7, 9, 2, 3]
[6, 9, 5, 1, 4, 0, 8, 7, 3]
[8, 7, 3, 4, 0, 9, 5, 1, 6]
[0, 8, 7, 3, 4, 5, 1, 6, 9, 2]
[0, 8, 7, 9, 2, 3, 4, 5, 1, 6]
[0, 8, 7, 9, 5, 1, 6, 3, 4, 0]
[0, 8, 7, 9, 5, 1, 6, 3, 4, 2]
[1, 6, 3, 4, 0, 8, 7, 9, 5, 1]
[2, 3, 4, 0, 8, 7, 9, 5, 1, 6]
[3, 4, 0, 8, 7, 9, 5, 1, 6, 3]
[4, 0, 8, 7, 9, 5, 1, 6, 3, 4]
[5, 1, 6, 3, 4, 0, 8, 7, 9, 2]
[5, 1, 6, 3, 4, 0, 8, 7, 9, 5]
[5, 1, 6, 9, 2, 3, 4, 0, 8, 7]
[6, 3, 4, 0, 8, 7, 9, 5, 1, 6]
[7, 9, 5, 1, 6, 3, 4, 0, 8, 7]
[8, 7, 9, 5, 1, 6, 3, 4, 0, 8]
[9, 5, 1, 6, 3, 4, 0, 8, 7, 9]
