29
[2, 7, 2]
[7, 2, 7]
[0, 2, 1, 0]
[1, 0, 2, 1]
[2, 1, 0, 2]
[0, 2, 1, 4, 0]
[0, 5, 3, 4, 0]
[1, 4, 0, 2, 1]
[2, 1, 4, 0, 2]
[3, 4, 0, 5, 3]
[4, 0, 2, 1, 4]
[4, 0, 5, 3, 4]
[5, 3, 4, 0, 5]
[6, 1, 0, 2, 7]
[0, 2, 1, 3, 4, 0]
[1, 3, 4, 0, 2, 1]
[2, 1, 3, 4, 0, 2]
[3, 4, 0, 2, 1, 3]
[4, 0, 2, 1, 3, 4]
[5, 3, 4, 0, 2, 1]
[5, 3, 4, 0, 2, 7]
[6, 1, 0, 5, 3, 4]
[6, 1, 3, 4, 0, 5]
[6, 1, 4, 0, 2, 7]
[6, 1, 4, 0, 5, 3]
[6, 1, 3, 4, 0, 2, 7]
[6, 7, 2, 1, 0, 5, 3, 4]
[6, 7, 2, 1, 3, 4, 0, 5]
[6, 7, 2, 1, 4, 0, 5, 3]
